[./a.out -T 8 -n 1000000 -P 4 -c 64] @ phantom
Error      : 9.798231e-05
L2 Error   : 3.730042e-04
P2M        : 5.150928e-02
M2M        : 2.065892e-02
P2L        : 1.859510e-03
M2P        : 2.634736e-03
P2P        : 3.072481e-01
M2L        : 2.500784e-01
L2L        : 2.077072e-02
L2P        : 5.348676e-02
[./a.out -T 8 -n 1000000 -P 16 -c 320] @ phantom
Error      : 1.565879e-13
L2 Error   : 4.199235e-13
P2M        : 2.750837e+00
M2M        : 1.222734e+00
P2L        : 2.112819e-04
M2P        : 3.346980e-04
P2P        : 3.025840e+00
M2L        : 8.153611e+00
L2L        : 1.218897e+00
L2P        : 2.955345e+00
[./a.out -T 32 -n 1000000 -P 4 -c 64] @ yokota06
Error                : 9.787478e-05
L2 Error             : 3.730123e-04
Precomputation       : 1.3913648e-01
P2M                  : 5.5342486e-02
M2M                  : 6.3883302e-02
P2L                  : 3.5720151e-03
M2P                  : 9.1212876e-03
P2P                  : 1.2880854e-01
M2L                  : 1.5060313e-01
L2L                  : 1.3826595e-01
L2P                  : 3.9082615e-02
Total                : 1.9475899e+00
[./a.out -T 32 -n 1000000 -P 16 -c 320] @ yokota06
Error                : 1.595777e-13
L2 Error             : 4.217423e-13
Precomputation       : 6.4187507e+00
P2M                  : 1.9228928e+00
M2M                  : 8.8513646e-01
P2L                  : 7.1355850e-03
M2P                  : 9.6348617e-03
P2P                  : 1.0405286e+00
M2L                  : 2.9432041e+00
L2L                  : 9.5394862e-01
L2P                  : 2.0751335e+00
Total                : 1.7708659e+01
