[./a.out -T 8 -n 1000000 -P 4 -c 64] @ phantom
Error                : 4.251815e-04
L2 Error             : 6.968617e-04
Precomputation       : 9.5165014e-02
P2M                  : 2.5408030e-02
M2M                  : 1.1684895e-02
P2L                  : 1.6858578e-03
M2P                  : 2.7000904e-03
P2P                  : 2.5030613e-01
M2L                  : 2.9701805e-01
L2L                  : 1.1497974e-02
L2P                  : 2.8249025e-02
Total                : 1.5347500e+00
[./a.out -T 8 -n 1000000 -P 16 -c 320] @ phantom
Error                : 3.193570e-13
L2 Error             : 3.453305e-13
Precomputation       : 5.4397058e+00
P2M                  : 1.7536650e+00
M2M                  : 6.2151790e-01
P2L                  : 2.4390221e-04
M2P                  : 4.0793419e-04
P2P                  : 3.0631371e+00
M2L                  : 5.1364779e+00
L2L                  : 6.2183881e-01
L2P                  : 2.0574250e+00
Total                : 1.9827774e+01
[./a.out -T 32 -n 1000000 -P 4 -c 64] @ yokota06
Potn Error           : 2.237727e-04
Grad Error           : 3.913740e-04
Precomputation       : 7.9576969e-02
P2M                  : 3.1709909e-02
M2M                  : 1.6454935e-02
P2L                  : 9.5951557e-03
M2P                  : 1.0149956e-02
P2P                  : 1.6921711e-01
M2L                  : 2.3861504e-01
L2L                  : 2.7189255e-03
L2P                  : 9.2098713e-03
Total                : 7.8616214e-01
[./a.out -T 32 -n 1000000 -P 16 -c 320] @ yokota06
Potn Error           : 8.709061e-14
Grad Error           : 6.146729e-13
Precomputation       : 3.5399110e+00
P2M                  : 6.5744019e-01
M2M                  : 1.3047409e-01
P2L                  : 1.2111664e-04
M2P                  : 2.1505356e-04
P2P                  : 1.0628660e+00
M2L                  : 2.8670280e+00
L2L                  : 1.4310503e-01
L2P                  : 6.9477987e-01
Total                : 5.8498499e+00
