[./a.out -T 8 -n 1000000 -P 4 -c 64] @ phantom
Potn Error           : 1.056858e-04
Grad Error           : 7.388630e-04
Precomputation       : 2.1492958e-02
P2M                  : 1.7868042e-02
M2M                  : 1.0022163e-02
P2L                  : 6.1988831e-04
M2P                  : 2.5289059e-03
P2P                  : 1.9141793e-01
M2L                  : 3.6901808e-01
L2L                  : 9.8190308e-03
L2P                  : 2.2713900e-02
Total                : 1.1863370e+00
[./a.out -T 8 -n 1000000 -P 16 -c 320] @ phantom
Potn Error           : 4.590178e-14
Grad Error           : 1.964736e-12
Precomputation       : 4.1949689e+00
P2M                  : 1.7496281e+00
M2M                  : 7.0303392e-01
P2L                  : 1.6617775e-04
M2P                  : 4.2104721e-04
P2P                  : 3.1102600e+00
M2L                  : 5.0797920e+00
L2L                  : 6.9555712e-01
L2P                  : 2.0778830e+00
Total                : 1.8039989e+01
[./a.out -T 32 -n 1000000 -P 4 -c 64] @ teslav
Potn Error           : 1.050714e-04
Grad Error           : 7.386884e-04
Precomputation       : 3.2707214e-02
P2M                  : 6.6189766e-03
M2M                  : 3.2041073e-03
P2L                  : 2.8204918e-04
M2P                  : 8.7976456e-05
P2P                  : 8.4437132e-02
M2L                  : 2.5844908e-01
L2L                  : 2.6869774e-03
L2P                  : 7.0891380e-03
Total                : 8.0047393e-01
[./a.out -T 32 -n 1000000 -P 16 -c 320] @ teslav
Potn Error           : 5.217580e-14
Grad Error           : 2.100514e-12
Precomputation       : 3.2708020e+00
P2M                  : 6.6036892e-01
M2M                  : 3.2031012e-01
P2L                  : 1.7118454e-04
M2P                  : 6.1988831e-05
P2P                  : 1.0604169e+00
M2L                  : 3.4735122e+00
L2L                  : 5.2933598e-01
L2P                  : 8.0084109e-01
Total                : 1.0531089e+01
