[./a.out -T 8 -n 1000000 -P 4 -c 64] @ phantom
Potn Error           : 2.237623e-04
Grad Error           : 3.903286e-04
Precomputation       : 1.5588999e-02
P2M                  : 1.7552137e-02
M2M                  : 1.0426044e-02
P2L                  : 1.1570454e-03
M2P                  : 2.4859905e-03
P2P                  : 1.9390702e-01
M2L                  : 3.6804819e-01
L2L                  : 9.8898411e-03
L2P                  : 2.2806883e-02
Total                : 7.9963493e-01
[./a.out -T 8 -n 1000000 -P 16 -c 320] @ phantom
Potn Error           : 7.287191e-14
Grad Error           : 5.617378e-13
Precomputation       : 2.6033070e+00
P2M                  : 1.7128820e+00
M2M                  : 6.3048005e-01
P2L                  : 1.8382072e-04
M2P                  : 4.0316582e-04
P2P                  : 3.1084919e+00
M2L                  : 5.0342300e+00
L2L                  : 6.3155007e-01
L2P                  : 2.0662830e+00
Total                : 1.3217601e+01
[./a.out -T 32 -n 1000000 -P 4 -c 64] @ yokota06
Potn Error           : 2.237727e-04
Grad Error           : 3.913740e-04
Precomputation       : 7.9576969e-02
P2M                  : 3.1709909e-02
M2M                  : 1.6454935e-02
P2L                  : 9.5951557e-03
M2P                  : 1.0149956e-02
P2P                  : 1.6921711e-01
M2L                  : 2.3861504e-01
L2L                  : 2.7189255e-03
L2P                  : 9.2098713e-03
Total                : 7.8616214e-01
[./a.out -T 32 -n 1000000 -P 16 -c 320] @ yokota06
Potn Error           : 8.709061e-14
Grad Error           : 6.146729e-13
Precomputation       : 3.5399110e+00
P2M                  : 6.5744019e-01
M2M                  : 1.3047409e-01
P2L                  : 1.2111664e-04
M2P                  : 2.1505356e-04
P2P                  : 1.0628660e+00
M2L                  : 2.8670280e+00
L2L                  : 1.4310503e-01
L2P                  : 6.9477987e-01
Total                : 5.8498499e+00
