[./a.out -T 8 -n 1000000 -P 4 -c 64] @ phantom
Error      : 9.798231e-05
L2 Error   : 3.730042e-04
P2M        : 5.150928e-02
M2M        : 2.065892e-02
P2L        : 1.859510e-03
M2P        : 2.634736e-03
P2P        : 3.072481e-01
M2L        : 2.500784e-01
L2L        : 2.077072e-02
L2P        : 5.348676e-02
[./a.out -T 8 -n 1000000 -P 16 -c 320] @ phantom
Error      : 1.565879e-13
L2 Error   : 4.199235e-13
P2M        : 2.750837e+00
M2M        : 1.222734e+00
P2L        : 2.112819e-04
M2P        : 3.346980e-04
P2P        : 3.025840e+00
M2L        : 8.153611e+00
L2L        : 1.218897e+00
L2P        : 2.955345e+00
[./a.out -T 32 -n 1000000 -P 4 -c 64] @ yokota06
Error      : 9.795466e-05
L2 Error   : 3.730194e-04
P2M        : 4.847984e-02
M2M        : 3.145005e-03
P2L        : 1.281683e-03
M2P        : 2.216040e-03
P2P        : 1.418341e-01
M2L        : 1.039359e-01
L2L        : 3.317150e-03
L2P        : 3.478552e-02
[./a.out -T 32 -n 1000000 -P 16 -c 320] @ yokota06
Error      : 1.594447e-13
L2 Error   : 4.215950e-13
P2M        : 1.821262e+00
M2M        : 7.005195e-01
P2L        : 4.903610e-03
M2P        : 7.237114e-03
P2P        : 9.997920e-01
M2L        : 2.433137e+00
L2L        : 4.886234e-01
L2P        : 2.308005e+00
