[./a.out -T 8 -n 1000000 -P 4 -c 64] @ phantom
Error                : 4.251815e-04
L2 Error             : 6.968617e-04
Precomputation       : 9.5165014e-02
P2M                  : 2.5408030e-02
M2M                  : 1.1684895e-02
P2L                  : 1.6858578e-03
M2P                  : 2.7000904e-03
P2P                  : 2.5030613e-01
M2L                  : 2.9701805e-01
L2L                  : 1.1497974e-02
L2P                  : 2.8249025e-02
Total                : 1.5347500e+00
[./a.out -T 8 -n 1000000 -P 16 -c 320] @ phantom
Error                : 3.193570e-13
L2 Error             : 3.453305e-13
Precomputation       : 5.4397058e+00
P2M                  : 1.7536650e+00
M2M                  : 6.2151790e-01
P2L                  : 2.4390221e-04
M2P                  : 4.0793419e-04
P2P                  : 3.0631371e+00
M2L                  : 5.1364779e+00
L2L                  : 6.2183881e-01
L2P                  : 2.0574250e+00
Total                : 1.9827774e+01
[./a.out -T 32 -n 1000000 -P 4 -c 64] @ yokota06
Error                : 4.252297e-04
L2 Error             : 6.968316e-04
Precomputation       : 1.3913648e-01
P2M                  : 5.5342486e-02
M2M                  : 6.3883302e-02
P2L                  : 3.5720151e-03
M2P                  : 9.1212876e-03
P2P                  : 1.2880854e-01
M2L                  : 1.5060313e-01
L2L                  : 1.3826595e-01
L2P                  : 3.9082615e-02
Total                : 1.9475899e+00
[./a.out -T 32 -n 1000000 -P 16 -c 320] @ yokota06
Error                : 3.195076e-13
L2 Error             : 3.454692e-13
Precomputation       : 6.4187507e+00
P2M                  : 1.9228928e+00
M2M                  : 8.8513646e-01
P2L                  : 7.1355850e-03
M2P                  : 9.6348617e-03
P2P                  : 1.0405286e+00
M2L                  : 2.9432041e+00
L2L                  : 9.5394862e-01
L2P                  : 2.0751335e+00
Total                : 1.7708659e+01
